v -0.344583 0 -0.085
v -0.338179 0 -0.0887697
v -0.33162 0 -0.0924027
v -0.32491 0 -0.0959001
v -0.318051 0 -0.099263
v -0.311046 0 -0.102492
v -0.3039 0 -0.105589
v -0.296614 0 -0.108555
v -0.289193 0 -0.11139
v -0.281638 0 -0.114096
v -0.273954 0 -0.116674
v -0.266144 0 -0.119125
v -0.25821 0 -0.12145
v -0.250156 0 -0.12365
v -0.241985 0 -0.125725
v -0.233699 0 -0.127678
v -0.225303 0 -0.12951
v -0.2168 0 -0.13122
v -0.208192 0 -0.132811
v -0.199482 0 -0.134283
v -0.190674 0 -0.135638
v -0.181771 0 -0.136877
v -0.172776 0 -0.138
v -0.163692 0 -0.139008
v -0.154523 0 -0.139903
v -0.145271 0 -0.140687
v -0.135939 0 -0.141359
v -0.126531 0 -0.141921
v -0.11705 0 -0.142373
v -0.107499 0 -0.142718
v -0.0978811 0 -0.142957
v -0.0881995 0 -0.143089
v -0.0784572 0 -0.143116
v -0.0686574 0 -0.14304
v -0.0588033 0 -0.142861
v -0.0488981 0 -0.142581
v -0.0389447 0 -0.1422
v -0.0289465 0 -0.14172
v -0.0189065 0 -0.141141
v -0.00882776 0 -0.140465
v 0.00128639 0 -0.139693
v 0.0114329 0 -0.138826
v 0.0216087 0 -0.137864
v 0.0318105 0 -0.13681
v 0.0420353 0 -0.135663
v 0.0522799 0 -0.134426
v 0.0625412 0 -0.133098
v 0.072816 0 -0.131682
v 0.0831012 0 -0.130178
v 0.0933937 0 -0.128588
v 0.10369 0 -0.126912
v 0.113988 0 -0.125151
v 0.124283 0 -0.123307
v 0.134573 0 -0.121381
v 0.144855 0 -0.119373
v 0.155125 0 -0.117285
v 0.165381 0 -0.115117
v 0.175618 0 -0.112872
v 0.185835 0 -0.110549
v 0.196027 0 -0.10815
v 0.206192 0 -0.105677
v 0.216327 0 -0.103129
v 0.226428 0 -0.100509
v 0.236493 0 -0.0978171
v 0.246518 0 -0.0950544
v 0.256499 0 -0.092222
v 0.266435 0 -0.089321
v 0.276322 0 -0.0863525
v 0.286156 0 -0.0833176
v 0.295934 0 -0.0802173
v 0.305654 0 -0.0770526
v 0.315313 0 -0.0738248
v 0.324906 0 -0.0705347
v 0.334431 0 -0.0671835
v 0.343885 0 -0.0637722
v 0.353265 0 -0.060302
v 0.362567 0 -0.0567738
v 0.371788 0 -0.0531887
v 0.380926 0 -0.0495479
v 0.389977 0 -0.0458523
v 0.398938 0 -0.042103
v 0.407806 0 -0.0383011
v 0.416577 0 -0.0344476
v 0.425249 0 -0.0305437
v 0.433819 0 -0.0265903
v 0.442282 0 -0.0225887
v 0.450637 0 -0.0185397
v 0.45888 0 -0.0144444
v 0.467008 0 -0.0103041
v 0.475017 0 -0.00611957
v 0.482905 0 -0.00189204
v 0.490669 0 0.00237742
v 0.498305 0 0.00668783
v 0.50581 0 0.0110381
v 0.513181 0 0.0154271
v 0.520415 0 0.0198538
v 0.527508 0 0.0243172
v 0.534459 0 0.0288162
v 0.541263 0 0.0333497
v 0.547917 0 0.0379167
v 0.547917 0 0.0379167
v 0.554419 0 0.0425161
v 0.560768 0 0.0471471
v 0.566966 0 0.0518088
v 0.573012 0 0.0565006
v 0.578908 0 0.0612215
v 0.584652 0 0.0659707
v 0.590247 0 0.0707476
v 0.595692 0 0.0755512
v 0.600988 0 0.0803807
v 0.606136 0 0.0852353
v 0.611135 0 0.0901143
v 0.615986 0 0.0950168
v 0.62069 0 0.0999421
v 0.625247 0 0.104889
v 0.629657 0 0.109857
v 0.633922 0 0.114846
v 0.638041 0 0.119854
v 0.642014 0 0.124881
v 0.645844 0 0.129925
v 0.649529 0 0.134987
v 0.65307 0 0.140065
v 0.656468 0 0.145158
v 0.659724 0 0.150266
v 0.662837 0 0.155388
v 0.665808 0 0.160523
v 0.668637 0 0.16567
v 0.671326 0 0.170829
v 0.673874 0 0.175998
v 0.676282 0 0.181177
v 0.67855 0 0.186365
v 0.680679 0 0.191561
v 0.68267 0 0.196765
v 0.684522 0 0.201975
v 0.686236 0 0.207191
v 0.687813 0 0.212412
v 0.689253 0 0.217637
v 0.690556 0 0.222866
v 0.691724 0 0.228097
v 0.692756 0 0.23333
v 0.693653 0 0.238564
v 0.694415 0 0.243797
v 0.695043 0 0.249031
v 0.695537 0 0.254262
v 0.695898 0 0.259492
v 0.696126 0 0.264718
v 0.696222 0 0.269941
v 0.696186 0 0.275159
v 0.696018 0 0.280371
v 0.695719 0 0.285577
v 0.69529 0 0.290776
v 0.694731 0 0.295966
v 0.694041 0 0.301149
v 0.693223 0 0.306321
v 0.692276 0 0.311484
v 0.691201 0 0.316635
v 0.689998 0 0.321774
v 0.688667 0 0.3269
v 0.68721 0 0.332013
v 0.685626 0 0.337112
v 0.683916 0 0.342195
v 0.68208 0 0.347262
v 0.680119 0 0.352312
v 0.678034 0 0.357345
v 0.675824 0 0.36236
v 0.673491 0 0.367355
v 0.671034 0 0.37233
v 0.668454 0 0.377285
v 0.665752 0 0.382217
v 0.662928 0 0.387128
v 0.659983 0 0.392015
v 0.656916 0 0.396878
v 0.653729 0 0.401716
v 0.650422 0 0.406528
v 0.646995 0 0.411314
v 0.643449 0 0.416073
v 0.639784 0 0.420804
v 0.636001 0 0.425505
v 0.6321 0 0.430177
v 0.628081 0 0.434819
v 0.623946 0 0.439429
v 0.619694 0 0.444007
v 0.615325 0 0.448552
v 0.610842 0 0.453064
v 0.606243 0 0.45754
v 0.601529 0 0.461982
v 0.596702 0 0.466387
v 0.59176 0 0.470756
v 0.586705 0 0.475086
v 0.581537 0 0.479378
v 0.576257 0 0.483631
v 0.570865 0 0.487844
v 0.565361 0 0.492015
v 0.559746 0 0.496145
v 0.554021 0 0.500232
v 0.548185 0 0.504276
v 0.54224 0 0.508275
v 0.536185 0 0.512229
v 0.530022 0 0.516138
v 0.52375 0 0.52
v 0.52375 0 0.52
v 0.517371 0 0.523815
v 0.510886 0 0.527581
v 0.504297 0 0.531298
v 0.497606 0 0.534966
v 0.490817 0 0.538583
v 0.48393 0 0.542149
v 0.476948 0 0.545663
v 0.469873 0 0.549124
v 0.462707 0 0.552532
v 0.455452 0 0.555885
v 0.448111 0 0.559183
v 0.440685 0 0.562426
v 0.433177 0 0.565612
v 0.425589 0 0.56874
v 0.417922 0 0.571811
v 0.41018 0 0.574822
v 0.402364 0 0.577774
v 0.394476 0 0.580666
v 0.386518 0 0.583497
v 0.378493 0 0.586265
v 0.370403 0 0.588971
v 0.362249 0 0.591614
v 0.354034 0 0.594193
v 0.345761 0 0.596706
v 0.33743 0 0.599154
v 0.329045 0 0.601535
v 0.320608 0 0.60385
v 0.31212 0 0.606096
v 0.303583 0 0.608273
v 0.295 0 0.610381
v 0.286374 0 0.612419
v 0.277705 0 0.614386
v 0.268997 0 0.616281
v 0.260251 0 0.618103
v 0.251469 0 0.619853
v 0.242654 0 0.621528
v 0.233808 0 0.623128
v 0.224933 0 0.624653
v 0.21603 0 0.626101
v 0.207103 0 0.627473
v 0.198153 0 0.628766
v 0.189182 0 0.629981
v 0.180193 0 0.631117
v 0.171187 0 0.632172
v 0.162167 0 0.633146
v 0.153135 0 0.634039
v 0.144093 0 0.63485
v 0.135043 0 0.635577
v 0.125988 0 0.63622
v 0.116928 0 0.636779
v 0.107868 0 0.637252
v 0.0988076 0 0.637639
v 0.0897502 0 0.637939
v 0.0806977 0 0.638152
v 0.0716523 0 0.638276
v 0.0626161 0 0.63831
v 0.0535911 0 0.638255
v 0.0445796 0 0.638109
v 0.0355836 0 0.637871
v 0.0266052 0 0.637541
v 0.0176466 0 0.637118
v 0.00871006 0 0.636601
v -0.000202545 0 0.63599
v -0.00908897 0 0.635283
v -0.0179471 0 0.63448
v -0.0267747 0 0.63358
v -0.0355698 0 0.632583
v -0.0443302 0 0.631487
v -0.0530538 0 0.630292
v -0.0617384 0 0.628998
v -0.070382 0 0.627602
v -0.0789823 0 0.626106
v -0.0875373 0 0.624507
v -0.0960449 0 0.622805
v -0.104503 0 0.620999
v -0.112909 0 0.619089
v -0.121261 0 0.617074
v -0.129558 0 0.614953
v -0.137796 0 0.612725
v -0.145974 0 0.61039
v -0.15409 0 0.607946
v -0.162141 0 0.605393
v -0.170126 0 0.602731
v -0.178042 0 0.599958
v -0.185887 0 0.597074
v -0.193659 0 0.594078
v -0.201356 0 0.590968
v -0.208975 0 0.587746
v -0.216515 0 0.584409
v -0.223974 0 0.580957
v -0.231349 0 0.577389
v -0.238639 0 0.573704
v -0.24584 0 0.569902
v -0.252951 0 0.565982
v -0.259971 0 0.561943
v -0.266896 0 0.557785
v -0.273724 0 0.553506
v -0.280454 0 0.549105
v -0.287083 0 0.544583
v -0.287083 0 0.544583
v -0.29361 0 0.539939
v -0.300034 0 0.535175
v -0.306353 0 0.530293
v -0.312568 0 0.525297
v -0.318678 0 0.520188
v -0.324683 0 0.51497
v -0.330581 0 0.509644
v -0.336373 0 0.504215
v -0.342057 0 0.498684
v -0.347634 0 0.493054
v -0.353102 0 0.487327
v -0.358461 0 0.481507
v -0.363711 0 0.475596
v -0.368851 0 0.469596
v -0.37388 0 0.46351
v -0.378798 0 0.457341
v -0.383604 0 0.451092
v -0.388299 0 0.444764
v -0.39288 0 0.438361
v -0.397348 0 0.431886
v -0.401702 0 0.42534
v -0.405941 0 0.418727
v -0.410066 0 0.412049
v -0.414075 0 0.405309
v -0.417967 0 0.39851
v -0.421744 0 0.391653
v -0.425402 0 0.384742
v -0.428943 0 0.37778
v -0.432366 0 0.370768
v -0.435669 0 0.36371
v -0.438854 0 0.356608
v -0.441918 0 0.349465
v -0.444861 0 0.342284
v -0.447683 0 0.335067
v -0.450384 0 0.327816
v -0.452962 0 0.320535
v -0.455418 0 0.313226
v -0.45775 0 0.305891
v -0.459958 0 0.298534
v -0.462042 0 0.291157
v -0.464 0 0.283762
v -0.465833 0 0.276352
v -0.46754 0 0.268931
v -0.46912 0 0.261499
v -0.470573 0 0.254061
v -0.471898 0 0.246618
v -0.473095 0 0.239174
v -0.474162 0 0.23173
v -0.475101 0 0.224291
v -0.475909 0 0.216857
v -0.476586 0 0.209432
v -0.477132 0 0.202019
v -0.477547 0 0.19462
v -0.477829 0 0.187237
v -0.477978 0 0.179874
v -0.477994 0 0.172533
v -0.477876 0 0.165217
v -0.477624 0 0.157927
v -0.477236 0 0.150668
v -0.476713 0 0.143441
v -0.476054 0 0.13625
v -0.475258 0 0.129096
v -0.474324 0 0.121982
v -0.473253 0 0.114912
v -0.472043 0 0.107887
v -0.470694 0 0.10091
v -0.469206 0 0.0939849
v -0.467578 0 0.087113
v -0.465809 0 0.0802972
v -0.463899 0 0.0735402
v -0.461847 0 0.0668446
v -0.459653 0 0.0602132
v -0.457316 0 0.0536485
v -0.454835 0 0.0471531
v -0.452211 0 0.0407297
v -0.449442 0 0.0343809
v -0.446528 0 0.0281093
v -0.443468 0 0.0219176
v -0.440262 0 0.0158084
v -0.436909 0 0.00978429
v -0.433409 0 0.00384798
v -0.429762 0 -0.00199795
v -0.425965 0 -0.00775085
v -0.42202 0 -0.0134081
v -0.417925 0 -0.0189671
v -0.41368 0 -0.0244251
v -0.409284 0 -0.0297796
v -0.404738 0 -0.035028
v -0.400039 0 -0.0401676
v -0.395188 0 -0.0451957
v -0.390184 0 -0.0501097
v -0.385027 0 -0.054907
v -0.379716 0 -0.0595851
v -0.37425 0 -0.0641411
v -0.368629 0 -0.0685726
v -0.362853 0 -0.0728769
v -0.35692 0 -0.0770513
v -0.35083 0 -0.0810932
v -0.344583 0 -0.085
