v -0.442917 0 -0.0320833
v -0.4377 0 -0.0350696
v -0.432381 0 -0.0379431
v -0.42696 0 -0.0407044
v -0.421442 0 -0.0433543
v -0.415827 0 -0.0458935
v -0.410118 0 -0.0483226
v -0.404317 0 -0.0506423
v -0.398427 0 -0.0528534
v -0.39245 0 -0.0549565
v -0.386388 0 -0.0569523
v -0.380243 0 -0.0588415
v -0.374018 0 -0.0606247
v -0.367715 0 -0.0623028
v -0.361336 0 -0.0638763
v -0.354884 0 -0.0653459
v -0.348361 0 -0.0667125
v -0.341769 0 -0.0679765
v -0.33511 0 -0.0691388
v -0.328387 0 -0.0702
v -0.321601 0 -0.0711608
v -0.314756 0 -0.072022
v -0.307854 0 -0.0727841
v -0.300896 0 -0.0734479
v -0.293885 0 -0.074014
v -0.286824 0 -0.0744833
v -0.279714 0 -0.0748562
v -0.272558 0 -0.0751337
v -0.265358 0 -0.0753162
v -0.258117 0 -0.0754046
v -0.250836 0 -0.0753995
v -0.243518 0 -0.0753016
v -0.236166 0 -0.0751117
v -0.228781 0 -0.0748302
v -0.221366 0 -0.0744581
v -0.213923 0 -0.073996
v -0.206454 0 -0.0734445
v -0.198962 0 -0.0728043
v -0.191449 0 -0.0720762
v -0.183917 0 -0.0712608
v -0.176369 0 -0.0703589
v -0.168806 0 -0.069371
v -0.161232 0 -0.068298
v -0.153647 0 -0.0671404
v -0.146056 0 -0.0658991
v -0.138459 0 -0.0645746
v -0.130859 0 -0.0631676
v -0.123259 0 -0.061679
v -0.11566 0 -0.0601092
v -0.108066 0 -0.0584591
v -0.100478 0 -0.0567294
v -0.0928979 0 -0.0549206
v -0.0853289 0 -0.0530336
v -0.0777731 0 -0.0510689
v -0.0702326 0 -0.0490274
v -0.0627097 0 -0.0469096
v -0.0552069 0 -0.0447163
v -0.0477262 0 -0.0424481
v -0.0402699 0 -0.0401058
v -0.0328405 0 -0.03769
v -0.02544 0 -0.0352015
v -0.0180709 0 -0.0326409
v -0.0107354 0 -0.0300089
v -0.00343572 0 -0.0273062
v 0.00382582 0 -0.0245335
v 0.0110469 0 -0.0216915
v 0.0182253 0 -0.0187809
v 0.0253587 0 -0.0158023
v 0.0324449 0 -0.0127565
v 0.0394815 0 -0.00964408
v 0.0464663 0 -0.00646583
v 0.0533971 0 -0.00322244
v 0.0602714 0 8.54706e-05
v 0.0670871 0 0.00345715
v 0.0738419 0 0.00689193
v 0.0805335 0 0.0103891
v 0.0871596 0 0.0139481
v 0.093718 0 0.017568
v 0.100206 0 0.0212483
v 0.106622 0 0.0249882
v 0.112964 0 0.0287871
v 0.119228 0 0.0326443
v 0.125414 0 0.0365591
v 0.131518 0 0.0405307
v 0.137538 0 0.0445585
v 0.143472 0 0.0486418
v 0.149318 0 0.05278
v 0.155074 0 0.0569723
v 0.160737 0 0.061218
v 0.166304 0 0.0655165
v 0.171775 0 0.069867
v 0.177145 0 0.0742688
v 0.182414 0 0.0787214
v 0.187579 0 0.0832239
v 0.192637 0 0.0877757
v 0.197586 0 0.0923761
v 0.202424 0 0.0970245
v 0.207149 0 0.10172
v 0.211758 0 0.106462
v 0.21625 0 0.11125
